29221645
35731535
36480153
34796367
33441384
32690918
38411644
30852132
39305340
41039116
38423026
26260349
41023486
40982327
39222689
40336033
36515429
30078554
40185112
39879607
35135549
34176234
32445735
39433217
37769677
18502299
29340676
34009435
36260986
40622470
40546761
40316731
39116897
33627633
40743997
38942960
40419497
32077829
39817216
30441982
25355307
27260652
38290287
36398460
25288176
29224190
34003378
34519099
36972801
33993064
34909309
41698509
38813307
41623136
32983676
41654010
26118669
33051679
25164369
29784059
37783932
27222550
38991672
37414071
40148287
38452784
40968544
37241216
24374842
40763842
32447634
41058988
41074037
39429274
34442032
23515973
37878066
39157890
41144146
35273720
31861719
21293081
38325988
24831461
38130940
32403130
39849151
31215828
32870520
32276484
39898429
38109013
35137548
31616497
31479535
22913905
42116498
19276974
37313234
41020034
23955521
42014568
37028602
37892437
38234263
37002039
31866441
39829211
34863046
29573175
26879684
39325334
22411367
39496986
40707395
18987275
40034634
38389648
33363601
39393960
41135814
40701606
39372467
40121602
41113714
33667726
24910828
39080707
34631138
24639868
39806566
36318919
25636149
25271405
40416453
39645664
40197859
41572067
31912466
31917447
29922359
39230117
26240695
29319953
10634964
29188339
35927470
34611827
41799631
39935104
41539443
23288372
26071847
36700392
32657920
32090119
30144284
25355456
28324049
26167173
37094737
22284386
40918897
32523714
35631192
25692922
37049555
37566566
36443214
38701059
38684277
36480102
37580972
24149519
29938643
35320365
40709782
31860177
38685400
36777452
36432409
37243915
37949576
41684452
24078316
31693504
38335137
35233923
38931208
37814256
36807043
26114120
36869909
22449317
25105982
24899268
35587779
39891839
36564618
34843380
34728531
32984918
36130753
38275650
35554515
38656372
34970224
34512896
36175102
21512818
36273149
37987183
35865313
37990670
33031736
39987252
27222548
33406285
29545462
32197404
31168922
35985975
41964971
31352420
30659044
19726018
18212316
27196454
20659224
27808051
19375553
25994778
32776237
30900413
31003515
33293319
29390281
34298148
29679336
31768868
32721163
33739297
32350016
32060017
27820270
32529753
31026353
40865794
41904649
39610089
31678062
33398627
33289256
32540150
28840525
23993246
31174993
31881991
40096420
31749109
31930057
26983924
34355337
29406607
25990379
30081574
19171726
24722497
23633746
29943058
34363144
30220645
32088110
30293771
40404841
34011386
27425832
42269399
32731443
39804512
29987678
26132586
30736162
41125276
27377635
27534941
24062325
34058110
27228052
23757437
29272062
35715979
22215481
25203878
27783367
21898754
41453784
28451931
31756544
27311493
20923485
27738970
30862680
24965545
25216506
42244941
26198306
19786682
40851781
29748734
42098417
25650964
33596938
41762074
41925809
42027922
42210610
27134202
30809769
41877322
32014594
41584060
27259508
40196444
41847235
41348144
28271434
18719969
41883469
41951955
29778650
28366671
26064251
33640917
41880918
20425675
41793635
42091567
42209300
